388
0 
1 
2 
3 
4 
5 
6 
7 8 9 10 168 167 169 170 2569 2570 2571 2572 171 172 173 1200 379 174 21 22 1573 346 347 348 991 1635 322 1860 1743 1861 2623 2513 70 1877 1269 1878 1601 1952 1993 1402 2568 321 1415 1725 575 1726 1727 977 1732 361 2647 2667 372 1972 1957 400 401 402 403 1724 693 2535 1723 2668 2652 1112 399 384 474 473 472 477 478 479 475 476 406 407 408 409 410 415 411 412 413 414 418 480 481 482 483 484 485 486 487 653 251 252 1674 640 641 642 643 11 12 13 17 14 15 16 18 19 20 392 1291 439 440 441 442 1064 158 246 394 2260 1047 2261 311 1288 36 79 1236 1237 1238 1239 337 1254 370 2640 2641 375 1629 676 1293 1501 1152 1820 1606 1607 1608 1609 1610 509 510 511 512 513 514 515 287 453 454 455 456 457 508 516 517 527 518 519 520 521 522 523 524 525 526 701 542 543 544 2702 798 591 686 1176 573 1034 1355 2208 1286 2250 1517 1859 687 1257 2615 2616 2617 2618 1794 1795 1796 578 1006 1924 1616 1413 1129 652 1591 1487 1592 1593 1594 1595 1596 1597 1598 1204 1205 1206 1253 2655 2296 2576 2711 2712 2713 2714 2715 2716 1659 2682 2689 38 1089 1090 1094 1095 1096 1091 1092 1093 2685 23 24 2522 1396 1883 1097 1098 1099 1100 1101 1102 1103 1541 424 2585 1038 2281 2553 689 1435 1434 1436 1437 1438 452 1578 1440 1439 1441 1579 1580 1581 2730 1115 2557 1201 1202 1203 1208 1209 1210 1211 1212 1213 1214 1215 1216 1313 1314 1315 1317 2586 1603 2587 2676 2551 2677 1316 1318 1319 2521 1873 55 1246 1247 1248 291 292 293 419 763 767 386 387 647 648 449 2666 1680 1633 1634 558 559 560 764 765 766 1641 1358 1359 1360 1185 288 666 26 1175 1516 1324 1325 1326 1327 1328 1709 1710 1711 2181 1857 2213 1851 2738 2278 2245 2246 2247 2564 2594 2595 2596 1956 417 1143 1235 35 1488 304 556 1504 450 1490 1491 1492 1574 1575 714 565 1793 1921 1140 1117 1862 1986 1299 1300 1301 278 279 280 281 282 283 284 285 286 1222 1424 2508 2509 2510 1679 1923 2019 2020 2290 2577 2610 2630 636 1273 1274 1275 1276 1277 1278 1279 704 1825 1029 2687 90 91 92 93 94 95 96 97 98 99 100 101 102 103 104 105 106 107 108 109 1544 87 1356 1227 1964 677 1901 1916 802 1735 2642 2694 1295 1296 1661 2180 1813 1228 376 1449 1605 1999 2173 2737 2235 2589 1915 1624 2316 393 60 691 1252 1515 1351 1500 27 28 29 30 548 1833 1834 31 32 33 34 353 550 551 88 318 549 552 553 554 421 606 607 608 609 1443 1442 1135 1136 1137 651 800 1835 1572 2212 670 189 190 191 192 225 193 194 195 196 197 198 199 50 200 201 1126 1127 202 203 186 187 188 226 227 204 205 206 207 208 209 210 211 212 213 214 215 216 221 217 218 219 220 228 229 230 231 232 233 234 235 236 237 238 239 240 222 223 224 1121 1040 1268 1168 1158 1409 1776 1385 2280 1832 2541 2542 2380 2381 2520 2178 1425 1426 1427 1428 1429 1430 1431 1432 396 674 2255 2256 2257 445 1039 2548 1249 673 1780 2285 2528 634 1225 999 1000 1001 1178 768 1602 2530 1744 1982 1891 1733 2022 2023 1842 1843 1844 1845 1802 1803 1804 80 81 82 351 2175 2698 1764 1550 1551 1552 1553 1554 1555 1556 1557 1558 732 733 734 735 736 737 738 739 740 1561 993 994 995 996 997 998 2295 1940 1941 1942 1943 1944 1945 2695 2734 1513 248 249 250 500 501 502 506 505 504 507 1841 253 254 255 496 495 497 498 499 256 257 1821 489 490 491 492 503 1839 2177 1696 1697 1698 1699 1700 1701 1702 1371 569 1920 2583 1264 657 658 659 660 661 662 663 664 1012 1016 350 1638 1013 1014 1015 1017 1018 1019 1020 1021 1022 1023 1024 1025 1026 1027 1028 1478 1479 1480 1481 1482 1483 1484 1485 1568 114 115 116 117 118 119 120 121 122 123 124 125 126 127 128 1477 151 152 136 137 1530 1939 1974 2619 1703 1704 1705 1706 336 446 447 1122 1123 1124 1125 785 786 787 788 789 2732 2626 2627 2628 1233 2633 979 1925 1948 1065 1712 1713 2319 1976 2234 2313 2314 2315 1120 1445 1196 717 1305 1243 42 1529 434 1322 1772 2220 665 1489 1985 1938 1271 1936 2277 2248 2317 2670 2671 2699 2590 429 2540 2691 1784 1637 2270 2532 2298 377 777 778 705 992 1167 1240 1384 1675 1145 1309 391 1708 1687 1880 1406 1761 1876 1961 1452 1453 1614 1854 2205 1786 2318 1053 43 1188 1187 1190 1189 2663 2658 2661 2662 2659 2253 570 1773 1191 2660 980 303 654 1151 1194 1782 1990 2555 1848 1632 637 277 986 1451 1512 1909 2233 711 2634 1960 1250 2683 1353 165 1341 1342 710 1340 2686 1397 1378 1164 1032 1611 1612 1613 1771 1917 2229 1182 1183 1184 1220 2294 2706 2550 2226 2211 1886 2567 1525 2665 594 595 596 597 598 599 600 601 602 603 604 1377 1669 1695 2697 1570 1716 1569 2244 2629 2236 2741 2690 1888 1746 2322 2538 2232 2736 2227 1989 2566 2526 2582 1767 2005 2006 2007 2008 2009 2010 2011 2012 2207 1867 438 2549 2237 2680 1979 258 1737 1738 1739 294 295 296 431 1818 709 1819 757 758 759 760 1715 1003 2656 2657 1599 1787 1788 1195 1628 2283 2243 2638 1410 1683 74 371 1153 1170 1846 611 612 613 614 615 616 2536 1931 1686 2645 1542 2556 1543 987 988 989 2597 2539 1370 2515 2231 1975 1753 72 1903 2664 2254 
25 1454 61 68 185 345 420 547 576 618 669 692 990 1030 1171 1207 1219 1255 1306 1311 1372 1376 1455 1456 1457 1458 1459 1460 1461 1462 1463 1464 1465 1466 1467 1468 1469 1470 1471 1472 1473 1474 1475 1476 1694 2673 2674 2675 1169 1231 1765 1805 2544 1031 2182 1849 2242 2740 1840 1693 2718 1412 1494 2018 2512 1160 1161 1162 1163 1527 1528 2733 2578 2297 51 2591 2291 671 1959 1673 425 1847 1855 
37 
39 1493 1769 40 1051 1052 1048 1049 1050 1933 362 363 364 365 366 367 368 369 1995 1146 675 1811 1812 1965 1890 1994 791 792 793 1403 1242 1404 1156 1762 1836 1395 1707 2238 1192 2026 2027 1666 1667 2124 2125 
41 1571 1872 
44 45 46 47 48 175 176 177 178 2279 593 179 180 181 
49 1450 2621 
52 678 679 2015 1864 1863 2014 1823 
53 1386 1387 1391 1392 1393 1394 1157 1577 1576 
54 1617 2581 
56 57 58 59 
62 77 1850 1958 
63 1506 690 1502 2172 1374 1808 
64 
65 2625 
66 
67 1256 404 
69 462 463 467 468 469 470 471 464 465 466 
71 349 
73 
75 
76 1567 1548 1549 138 139 638 722 1545 140 141 142 289 290 1559 723 729 730 731 340 1054 1055 1056 1642 1643 1644 1645 1646 1647 1648 1649 1650 1651 1652 1653 1654 1655 1057 1058 1059 1060 1061 1062 1063 1827 1828 1829 1830 1831 110 111 112 1521 113 2511 305 306 307 308 309 310 1547 1562 324 325 326 327 328 329 334 335 1566 639 724 1564 1563 770 771 772 1565 1546 1174 1280 725 726 1560 727 728 2620 1754 1755 1756 1757 1758 1759 1760 2701 
78 
83 84 85 86 299 300 301 302 2258 
89 1149 1244 1822 1896 1988 2653 
129 130 131 132 133 134 135 
143 144 145 146 147 148 149 150 
153 154 155 156 157 805 804 976 2720 1320 2721 806 807 808 812 813 814 815 816 817 818 819 820 821 822 826 827 828 829 830 831 837 838 839 840 841 842 843 844 845 846 847 848 849 850 851 852 853 854 858 866 867 872 873 874 875 876 877 885 886 887 888 889 890 891 892 893 894 895 896 897 898 899 904 905 906 907 908 909 910 911 914 915 920 921 922 923 930 931 932 933 934 935 939 940 941 942 943 944 948 949 954 958 959 960 964 965 966 967 968 974 975 809 810 811 912 913 916 917 918 919 950 951 952 953 823 824 825 1343 1344 1348 1345 1346 1347 868 869 870 871 927 928 929 936 937 938 878 879 880 881 882 883 884 945 946 947 900 901 902 903 955 956 957 961 962 963 969 970 971 2328 2329 1881 437 1337 1338 1339 2330 2331 2332 2333 2334 2335 2336 2340 2341 2342 2343 2350 2354 2355 2356 2357 2358 2359 2360 2361 2362 2363 2364 2365 2366 2374 2375 2376 2377 2382 2383 2384 2385 2388 2389 2390 2391 2392 2393 2394 2400 2401 2402 2403 2408 2409 2410 2414 2415 2419 2420 2421 2422 2423 2424 2425 2426 2430 2431 2432 2433 2434 2435 2440 2441 2442 2443 2444 2445 2449 2450 2451 2452 2453 2462 2463 2464 2465 2469 2470 2471 2472 2473 2474 2475 2476 2477 2480 2484 2489 2490 2491 2492 2493 2494 2495 2496 2497 2498 2502 2503 2504 2505 2506 2507 2325 2326 2327 2386 2387 2395 2396 2478 2479 2337 2338 2339 2351 2352 2353 2371 2372 2373 2344 2345 2346 2347 2348 2349 2397 2398 2399 2367 2368 2369 2370 2411 2412 2413 2416 2417 2418 2404 2405 2406 2407 2427 2428 2429 2446 2447 2448 2436 2437 2438 2439 2466 2467 2468 2481 2482 2483 2454 2455 2456 2457 2458 2459 2460 2461 2499 2500 2501 2485 2486 2487 2488 
159 160 161 162 163 164 1906 243 1898 
166 
182 183 184 
241 
242 707 1011 1321 1498 1874 1980 2525 2631 2637 1401 2728 
244 
245 
247 1150 1310 2214 1824 2514 2580 1265 
259 260 261 262 263 264 270 271 265 266 267 268 269 272 1672 2184 2185 2186 2195 2196 2197 2187 2188 2189 2190 2191 2192 2193 2194 2201 2202 2203 2210 2176 2543 1323 1809 1810 
273 274 275 1531 1004 1005 1532 1533 
276 1619 1752 
297 1604 2565 
298 
312 313 314 
315 592 338 981 1902 1929 
316 317 458 459 460 461 488 493 494 
319 
320 1297 436 1298 
323 
330 331 332 333 773 774 775 776 
339 
341 
342 
343 
344 
352 
354 355 356 357 1816 1817 1221 1887 2282 1626 
358 
359 2608 
360 
373 667 1144 1714 1947 2574 
374 
378 
380 381 382 
383 1361 1362 1363 1364 1036 1365 1366 
385 
388 389 390 694 398 1688 1689 1690 1691 2684 
395 427 
397 1251 
405 
416 
422 712 2639 1312 
423 1368 1798 1875 1658 
426 
428 
430 2724 
432 2275 
433 
435 
443 1333 1294 1332 1331 1334 1335 1336 
444 
448 1741 1742 1722 1740 644 645 646 
451 2265 2266 2267 2268 2269 1934 1935 
528 
529 568 
530 1226 1977 1996 1892 1807 2722 
531 532 536 541 533 534 535 
537 538 539 540 
545 546 2028 1303 1302 1721 2029 2030 2031 2032 2033 2034 2035 2036 2037 2038 2039 2040 2041 2042 2043 2044 2045 2046 2047 2048 2049 2050 2051 2052 2053 2054 2055 2056 2057 2058 2059 2060 2061 2062 2063 2064 2068 2072 2073 2074 2075 2076 2077 2078 2082 2083 2084 2085 2086 2087 2088 2089 2090 2094 2095 2096 2097 2098 2099 2100 2101 2102 2103 2104 2105 2106 2107 2108 2109 2110 2111 2112 2113 2114 2115 2116 2117 2118 2119 2120 2121 2122 2123 2126 2127 2128 2129 2130 2131 2135 2139 2140 2141 2142 2143 2144 2148 2149 2150 2151 2152 2153 2154 2158 2159 2160 2161 2162 2163 2164 2165 2166 2167 2168 2169 2170 2171 
555 
557 1717 
561 681 2222 2223 2224 2612 
562 
563 1630 1109 1110 1111 2704 2003 2000 
564 
566 2017 
567 
571 
572 
574 
577 
579 
580 581 582 2622 2624 
583 584 585 589 590 586 587 588 
605 1077 1078 1079 1080 
610 
617 1218 
619 1797 
620 621 631 632 633 
622 623 624 629 625 626 627 628 630 
635 1330 1910 2644 
649 
650 
655 656 
668 
672 2726 1685 2613 
680 2016 1865 
682 683 684 1522 1783 1748 1749 
685 1259 1260 1261 1262 1263 1379 1416 1417 1418 1419 1420 1421 1422 
688 1930 
695 1066 1033 1067 1068 1069 1081 1104 1105 1106 1107 1108 1085 1086 1671 
696 697 698 699 
700 
702 
703 1511 1815 2692 2025 1042 1043 1044 1045 1046 1618 2286 
706 
708 
713 1495 
715 
716 
718 1229 1866 1978 2648 2649 2650 
719 
720 1790 1791 1792 2259 
721 
741 742 743 744 745 746 
747 748 749 750 751 752 753 754 755 
756 2249 1777 2552 1367 1497 1534 1676 2575 
761 2287 
762 
769 
779 780 781 782 783 
784 
790 1620 1621 1622 982 983 984 985 1414 2292 1519 2293 1657 1682 2632 
794 795 796 1625 1763 2230 
797 
799 
801 
803 1858 2524 2735 
832 833 834 835 836 972 973 855 856 857 859 860 861 862 863 864 865 924 925 926 
978 
1002 
1007 1114 1217 2252 2562 
1008 
1009 1010 
1035 
1037 
1041 1627 
1070 1071 1072 1073 1087 1088 
1074 1075 1076 1082 1083 1084 
1113 
1116 1523 
1118 
1119 
1128 1991 1258 
1130 
1131 1232 
1132 
1133 
1134 
1138 
1139 1962 2013 2241 
1141 
1142 
1147 
1148 
1154 1747 1966 
1155 1967 
1159 
1165 1166 
1172 
1173 
1177 2609 
1179 1180 1181 
1186 2320 2604 
1193 
1197 2723 
1198 
1199 1496 1307 2024 2288 
1223 
1224 1505 
1230 
1234 
1241 1357 
1245 
1266 
1267 
1270 
1272 
1281 
1282 1283 1284 1285 
1287 
1289 
1290 
1292 
1304 
1308 
1329 
1349 2537 
1350 
1352 1900 1922 
1354 2725 
1369 1895 
1373 2228 2289 
1375 1383 2262 1987 1677 1779 2643 
1380 
1381 
1382 1433 2299 
1388 1389 1390 2731 1582 1583 1584 
1398 1399 1400 
1405 
1407 
1408 2611 2593 
1411 
1423 2729 
1444 
1446 1447 1448 1585 1586 1587 1588 1589 1590 
1486 
1499 2215 2216 2217 2218 2219 
1503 1927 1928 
1507 1508 1509 1510 
1514 
1518 
1520 
1524 2584 
1526 
1535 1536 1537 1538 1539 1540 2605 2606 2607 
1600 1750 1665 1751 1932 
1615 
1623 
1631 
1636 2635 
1639 
1640 
1656 
1660 
1662 1806 
1663 
1664 
1668 
1670 
1678 
1681 
1684 
1692 
1718 1719 1720 
1728 1729 1730 1731 2323 2324 2378 2379 
1734 2021 1869 
1736 
1745 
1766 
1768 
1770 
1774 
1775 
1778 
1781 
1785 
1789 
1799 
1800 
1801 
1814 1853 
1826 
1837 
1838 
1852 
1856 
1868 
1870 
1871 
1879 
1882 
1884 
1885 2598 
1889 
1893 
1894 
1897 
1899 2300 2554 
1904 2516 2517 2518 
1905 
1907 
1908 
1911 1912 1913 
1914 
1918 2693 
1919 
1926 
1937 
1946 
1949 1950 1951 
1953 
1954 
1955 
1963 
1968 1969 1970 1971 
1973 
1981 
1983 
1984 
1992 
1997 
1998 
2001 
2002 
2004 
2065 2066 2067 2069 2070 2071 2079 2080 2081 
2091 2092 2093 2132 2133 2134 2136 2137 2138 
2145 2146 2147 2155 2156 2157 
2174 
2179 
2183 
2198 2199 2200 
2204 
2206 
2209 
2221 
2225 
2239 
2240 
2251 2696 
2263 
2264 
2271 2272 2273 2274 
2276 
2284 
2301 
2302 2303 2304 2305 2306 2307 2308 2309 2310 2311 2312 
2321 
2519 
2523 
2527 
2529 
2531 
2533 
2534 
2545 
2546 
2547 
2558 
2559 
2560 
2561 
2563 
2573 
2579 
2588 
2592 
2599 
2600 
2601 
2602 
2603 
2614 
2636 
2646 
2651 
2654 2672 
2669 
2678 2679 
2681 
2688 
2700 
2703 
2705 
2707 
2708 
2709 
2710 
2717 
2719 
2727 
2739 
