155
0 
1 
2 
3 4 5 6 422 423 424 425 426 427 433 434 435 436 437 438 439 440 441 442 443 444 448 454 455 456 457 458 459 460 461 462 463 917 918 919 920 921 922 923 924 925 926 927 928 929 930 934 1189 1190 1191 1192 1193 1202 1206 1207 1208 1209 1210 1216 1217 1218 1219 1220 
7 8 43 49 50 194 195 286 413 421 2984 47 48 198 199 44 45 46 230 231 222 223 186 187 67 68 72 135 73 78 79 82 83 97 414 98 99 100 101 102 103 104 105 106 111 119 51 52 53 54 55 56 60 64 65 66 130 134 153 154 155 162 172 300 84 85 86 87 107 108 109 112 113 114 63 136 137 138 163 164 165 69 70 71 139 140 141 146 147 148 142 143 149 144 145 90 91 92 93 115 116 117 118 61 62 126 127 128 129 131 132 133 150 151 152 74 75 120 121 76 110 77 171 170 94 95 96 122 123 124 125 244 245 239 240 241 
9 10 32 33 34 35 36 37 38 212 213 11 12 13 18 30 31 400 299 308 409 410 411 412 14 15 16 42 17 41 330 331 343 344 19 20 21 22 23 24 25 26 27 28 29 
39 40 166 167 168 169 80 81 88 89 
57 58 59 416 417 420 276 277 
156 157 158 159 160 161 428 429 
173 174 175 176 177 178 179 269 270 271 275 2239 2240 2241 2242 2243 2244 2245 2246 2247 2248 2249 2253 2257 2258 2250 2251 2252 2254 2255 2256 
180 181 182 183 184 185 188 189 190 191 
192 193 200 202 203 204 208 225 229 238 205 206 207 
196 197 254 255 256 257 266 267 268 278 258 259 260 261 262 2423 2474 2475 
201 415 418 419 296 297 298 364 365 
209 210 211 214 215 216 370 371 
217 218 219 220 221 224 376 377 
226 227 252 228 253 381 382 
232 233 234 235 236 237 490 491 
242 243 246 251 247 248 249 250 
263 264 265 272 273 274 
279 280 281 285 282 283 284 
287 288 289 290 291 292 293 294 295 
301 302 309 310 311 312 303 304 319 320 321 322 
305 306 350 351 355 356 360 384 385 386 
307 357 358 362 361 359 387 378 379 380 
313 314 315 316 317 318 403 404 405 
323 324 325 326 327 328 329 332 345 396 346 347 349 392 393 401 402 406 407 408 352 394 395 337 338 341 342 348 339 340 
333 334 398 335 336 397 399 
353 354 363 372 373 374 375 383 366 367 368 369 
388 389 390 391 735 736 
430 431 432 513 514 1025 1026 471 472 2828 2829 2830 2831 2832 2833 2834 2835 
445 446 447 1082 1083 1126 1127 
449 450 451 452 453 931 932 933 
464 465 466 500 501 511 512 517 2969 1226 2970 502 468 492 499 707 2966 2822 2965 2967 2968 503 506 539 540 798 799 870 1570 1571 1572 1573 1574 1575 1579 1580 1581 1582 1583 1584 1585 1586 1587 1588 1589 1590 1591 1592 1593 1594 1595 1596 1603 1604 1605 1606 1607 1608 1609 1610 1611 1612 1613 1614 1615 1616 1617 1618 1619 1620 1624 1625 1626 1627 1628 1629 1630 1631 1632 1633 1634 1635 1636 1637 1638 1639 1640 1641 1642 1643 1644 1645 1646 1647 1648 1649 1650 1651 1652 1653 1654 1655 1656 1657 541 542 543 544 545 507 470 473 474 2971 1232 2972 2973 2974 2985 475 518 679 702 
467 508 509 510 496 497 493 494 495 
469 504 505 619 620 664 665 822 823 
476 477 674 675 676 479 671 672 673 
478 767 483 482 484 697 696 698 768 772 773 2836 2840 2841 2842 2843 2844 2845 
480 481 758 489 740 744 745 759 760 761 765 766 485 486 755 756 750 751 752 762 763 764 699 700 701 753 754 757 746 747 748 749 
487 488 846 842 841 847 848 849 850 851 855 852 853 824 825 705 828 790 2925 792 829 830 834 838 840 843 844 854 859 860 861 868 869 806 807 808 862 863 867 835 836 837 809 810 831 832 833 845 811 812 813 814 815 816 839 826 817 818 819 858 820 821 
498 515 516 2234 2235 
519 520 521 522 523 524 703 704 706 
525 526 601 602 663 669 670 1697 527 528 
529 530 531 3075 3076 3077 3093 3094 3095 3096 3097 3098 3099 3100 3101 3105 3106 3109 3110 3078 3079 3080 3081 3082 3086 3087 3088 3083 3084 3085 3089 3090 3091 3092 3172 3173 3174 
532 533 534 535 536 537 538 579 580 
546 547 548 871 872 873 874 878 879 549 708 709 710 711 712 713 737 788 789 2916 2917 2918 2919 2920 2921 2922 2923 2924 2926 2927 2928 2929 2930 2931 2932 2933 2934 2935 2936 2937 2938 2939 2944 2945 2949 2950 2951 2952 2953 2954 2955 791 793 794 795 796 797 738 739 774 778 783 784 785 786 787 
550 551 552 553 554 555 881 880 899 900 
556 557 558 559 2259 2260 2261 2262 2263 2264 2265 2266 2267 2268 2269 2270 2271 2272 2273 2274 2275 2276 2277 
560 561 562 563 564 565 566 567 568 589 588 590 591 592 593 594 595 569 570 
571 572 573 574 575 576 577 578 581 582 583 584 598 599 
585 586 587 596 597 600 
603 604 605 1316 1317 1318 1319 1331 1332 1333 1337 1543 1544 1553 1554 1557 1558 606 607 608 609 610 611 612 613 614 
615 616 617 618 666 667 668 
621 622 623 624 625 626 630 631 646 647 648 649 650 651 652 653 654 655 656 657 627 628 629 642 643 644 645 1555 1556 1360 1361 632 633 634 635 636 637 638 639 640 641 
658 659 660 661 662 800 801 916 
677 912 911 913 678 914 915 769 770 771 
680 681 682 683 684 805 802 803 910 
685 686 687 688 689 690 691 692 
693 694 695 804 827 775 776 777 
714 715 716 717 908 909 2484 2485 2486 2487 2519 2749 2750 2751 2759 2760 2761 
718 719 720 2609 2610 721 722 723 
724 725 726 727 728 729 2521 2522 2523 
730 731 732 733 734 2529 2530 2531 
741 742 743 1280 1281 1282 1265 1266 
779 780 781 782 1663 1662 1679 1688 1689 1690 1691 1696 1698 1664 1665 1666 1667 1668 1671 1672 1673 2846 2847 2848 2915 2956 2957 2963 2964 1677 1678 
856 857 865 864 866 875 876 877 
882 883 884 885 886 887 2520 1229 1235 2524 2525 2526 2527 2528 2532 2536 2537 2538 2539 2540 2541 2542 2543 2544 2545 2546 2547 2548 2560 2561 2562 2563 2564 2565 2566 2567 2568 2569 2570 2571 2572 2573 2574 2575 2576 2617 2618 2619 2620 2621 2622 2623 2624 2630 2631 2636 2637 2638 2639 2640 2641 2642 2643 2644 2645 2669 2670 2671 2672 2673 2674 2675 2676 2677 2678 2679 2680 2681 2682 2683 2684 2685 2686 2687 2688 2689 2690 2691 2692 2693 2694 2695 2696 2697 2698 2699 2700 2701 2702 2703 2710 2711 2712 2713 2714 2715 2716 2717 2736 2737 2738 2739 2740 2744 2745 2746 2747 2748 888 2762 2763 2764 2765 2773 2774 2775 2776 2777 2778 2779 2780 2781 2782 2783 2784 2785 2786 2790 2791 894 
889 890 891 892 893 895 896 897 898 
901 902 903 904 905 906 907 
935 936 937 2837 2838 2839 938 939 940 941 942 943 944 945 946 947 948 949 950 951 952 953 2975 2976 2977 2978 2979 2980 2981 2982 2983 954 955 956 957 958 959 960 961 962 963 1002 1003 1004 1005 1006 1007 1008 1028 1029 1030 1031 1182 1183 1184 1185 
964 965 1000 1001 984 985 986 1405 1406 
966 967 968 969 970 971 972 973 974 975 976 977 978 979 980 981 982 983 987 988 989 990 991 992 993 994 995 996 997 998 999 
1009 1010 1011 1012 1023 1024 1027 1020 1021 1022 1013 1014 1015 1016 1017 1018 1019 1423 1424 1526 1527 
1032 1033 1034 1035 1036 1037 1038 1039 1135 1040 1161 1162 1163 1164 1165 1166 1180 1181 1041 1048 1049 1134 1050 1051 1052 1053 1054 1055 1056 1057 1058 1059 1060 1153 1154 1155 1156 1061 1062 1063 1080 1081 1064 1065 1066 1071 1072 1073 1067 1068 1069 1070 
1042 1043 1044 1045 1046 1047 1122 1123 1124 
1074 1075 1076 1077 1078 1079 1536 1537 
1084 1085 1086 1087 1088 1089 1186 1187 1188 1090 1091 1092 1093 1094 1095 1096 1097 1098 1099 1100 1101 1102 1103 1104 1105 1106 1107 1108 1157 1158 1159 1160 1109 1110 1111 1112 1113 1114 1115 1116 
1117 1118 1119 1120 1121 3254 3255 3259 3260 3261 3262 3263 3264 3265 3266 3267 3271 3272 3273 3274 3275 3276 3280 3281 3282 3283 3284 3285 3286 3287 3288 3289 3290 3291 3292 3293 3294 3298 3299 3300 1125 1128 1129 1130 1131 1132 1133 3256 3257 3258 3268 3269 3270 3277 3278 3279 3295 3296 3297 
1136 1137 1138 1139 1140 1141 1142 1143 1144 1145 1146 1147 1148 1149 1150 1151 1152 2341 2342 2343 2344 2345 2346 2353 2354 2355 2356 2333 2334 2335 2336 2337 2338 2339 2340 2347 2348 2349 2350 2351 2352 
1167 1168 1169 1170 1171 1172 1173 1174 1175 1176 1177 1178 1179 
1194 1195 1199 1200 1201 1196 1197 1198 
1203 1204 1205 3054 3055 
1211 1212 1213 1214 1215 
1221 1222 1223 2280 1230 2281 2282 2283 2284 2285 2286 2287 2288 2289 2290 2291 2292 2293 2294 2306 2307 2308 2309 2310 2311 2312 2313 2314 2315 2316 2317 1224 1227 1228 1231 1233 1234 1236 2404 
1225 1759 1760 1761 1762 1763 1764 1765 1766 1772 1773 1774 1775 1780 1781 1782 1783 1784 1785 1786 1787 1788 1789 1790 1791 
1237 1238 1239 1669 1670 1982 1983 
1240 1241 1242 1243 1244 1245 1246 1247 1248 1249 1250 1255 1256 1257 1258 1259 1260 1277 1278 1279 1286 1287 1291 1292 1293 1294 1295 1296 1297 1298 1299 1300 1301 1305 1306 1307 1308 1309 1310 1311 1312 1313 1314 1315 
1251 1252 1253 1254 1699 1700 1701 1702 1703 1704 1705 
1261 1262 1263 1271 1268 1267 1270 1273 1274 1275 1276 
1264 1272 1269 1288 1289 1290 1302 1303 1304 
1283 1284 1285 1991 1992 2045 2046 1861 1862 1866 1877 1878 1879 1886 1887 1945 1946 1947 1955 1956 1957 1960 1964 1965 1966 1967 1990 1995 1996 1997 1998 2004 2008 2009 2010 2011 2012 2047 2048 2049 2054 2055 2069 2070 2073 2074 2075 2084 2088 2095 2096 1856 1857 1858 1859 1860 1863 1864 1865 1867 1868 1869 1870 1871 1872 1873 1874 1875 1876 1888 1889 1944 1987 1988 1989 1880 1881 1882 1883 1884 1885 2081 2082 2083 2085 2086 2087 1890 1891 1892 1893 1894 1895 1896 1897 1898 1899 2006 2005 2007 1913 1914 1900 1901 1909 1910 1911 1912 2090 2091 2092 1902 1903 1904 1905 1906 1907 1908 2021 2022 2023 1915 1916 1917 1918 1919 1932 1933 1934 1941 1942 1943 1920 1921 1922 1923 1924 1925 1926 1927 1928 1929 1930 1931 1935 1936 1937 1938 1939 1940 2026 2027 2028 1948 1949 1950 1951 1952 1953 1954 2030 2031 2032 1958 1959 2050 2051 2042 2043 2044 2066 2067 2068 1963 2052 2053 2102 2103 2104 2175 2176 2177 2013 2014 2093 2094 2015 2016 2017 2018 2212 2213 2214 1961 1962 2071 2072 1984 1985 2089 1986 1999 2000 2001 2002 2003 2192 2193 2194 2019 2020 2024 2025 2029 2033 2038 2039 2040 2041 1968 1969 1970 1971 1972 1973 2188 2189 2190 2056 2057 2058 2059 2060 2061 2062 2063 2064 2065 2076 2077 2078 2079 2080 2097 2098 2099 2100 2101 1974 1975 1976 1977 1978 1979 1980 1981 
1320 1321 1322 1323 1334 1335 1336 1548 1549 1552 
1324 1325 1326 1327 1328 1329 1330 1355 1356 1357 
1338 1339 1340 1348 1349 1350 1351 1352 1353 1354 1358 1359 1362 1363 1364 1365 1366 1367 1368 1369 1370 1371 1372 1373 1374 1375 1376 1377 1378 1382 1383 1388 1389 1390 1391 1395 1396 1397 1398 1399 1400 1401 1402 1403 1404 1407 1408 1409 1410 1411 1419 1420 1421 1422 1443 1444 1445 1446 1447 1448 1449 1450 1451 1452 1453 1454 1455 1456 1457 1458 1459 1460 1461 1462 1463 1464 1465 1466 1467 1468 1528 1529 1530 1531 3044 3045 3046 3047 3048 3049 3053 3064 3070 3071 3111 3112 3113 3114 3115 3170 3171 3179 3180 3181 3182 3235 1532 1533 1534 1535 1538 1539 1540 1541 1542 
1341 1342 1343 1344 1345 1346 1347 1379 1380 1381 1392 1393 1394 
1384 1385 1386 1412 1413 1414 1415 1387 1416 1417 1418 
1425 1426 1427 1428 1429 1430 1431 1432 1433 1434 1435 1436 1488 1489 1490 1491 1492 1493 1494 1498 1499 1500 1501 1502 1503 1506 1507 1508 1509 1510 1469 1470 1471 1472 1476 1477 1478 1479 1480 1487 1504 1505 1511 1512 1525 1516 1517 1518 1519 1520 1521 1522 1523 1524 
1437 1438 1442 1439 1440 1441 1473 1474 1475 
1481 1482 1483 1484 1485 1486 1495 1496 1497 1513 1514 1515 
1545 1546 1547 1550 1551 2179 2180 
1559 1560 1561 1562 1563 1564 1565 1567 1568 1569 3065 3066 3067 3068 3069 3072 3073 3074 
1566 3117 3116 3123 3124 3125 3126 3144 3145 3149 3150 3151 3152 3153 3154 3155 3118 3119 3120 3121 3122 3141 3142 3143 3146 3147 3148 3127 3128 3131 3132 3129 3130 3138 3139 3140 3133 3134 3135 3136 3137 3161 3162 3163 3156 3157 3158 3159 3160 3167 3168 3169 3164 3165 3166 
1576 1577 1578 1621 1622 1623 
1597 1598 1599 1600 1601 1602 2222 2223 2549 2550 2551 2552 2553 2554 2555 2556 2557 2558 2559 2766 2767 2768 2769 
1658 1659 1660 1661 1706 1707 1708 
1674 1675 1676 1692 1693 1694 1695 
1680 1681 1682 1683 1684 1685 1686 1687 
1709 1710 1711 1712 1713 1714 1715 1716 1717 1718 1719 1720 1792 3211 3212 3213 3214 3215 3216 3217 3218 3234 1721 1725 1726 1727 1728 1729 1733 1734 1735 1736 1737 1738 1739 1740 1741 1753 1754 1755 1756 1757 1758 
1722 1723 1724 1730 1731 1732 1746 1747 1748 
1742 1743 1744 1745 1749 1750 1751 1752 
1767 1768 1769 1770 1771 1776 1777 1778 1779 
1793 1794 1795 1796 1800 1801 1802 1993 1994 
1797 1798 1799 2116 2117 2168 2169 
1803 1804 1805 1806 1807 1846 1847 1848 1849 1850 1851 1852 1853 1854 1855 2233 1808 
1809 1810 1811 1812 1813 1814 1815 1816 1824 1825 1826 1827 1828 1829 1830 1834 1835 1840 1841 1845 
1817 1818 1819 1820 1821 1822 1823 1831 1832 1833 1842 1843 1844 
1836 1837 1838 1839 2236 2237 2238 
2034 2035 2036 2037 2215 2216 2217 2144 2145 2146 2147 2162 2163 2164 2165 2166 2105 2106 2107 2108 2109 2173 2174 2178 2181 2182 2183 2184 2185 2186 2187 2191 2195 2196 2197 2198 2199 2200 2207 2208 2209 2210 2211 2218 2219 2220 2221 2224 2225 2226 2227 2228 2229 2230 2231 2232 2110 2111 2112 2113 2114 2115 2148 2149 2150 2152 2153 2154 2118 2119 2120 2121 2122 2156 2157 2158 2123 2124 2125 2126 2127 2128 2129 2130 2131 2132 2133 2134 2135 2136 2137 2138 2139 2140 2141 2142 2143 2151 2155 2159 2160 2161 2167 2170 2171 2172 2201 2202 2203 2204 2205 2206 
2278 2279 2318 2323 2324 2325 2326 2327 2319 2320 2321 2322 
2295 2297 2296 2299 2300 2301 2302 2303 2304 2305 2298 
2328 2329 2330 2331 2332 2388 2389 2390 
2357 2358 2359 2380 2381 2382 2383 2384 2385 2386 2387 2400 2401 2402 2403 
2360 2361 2362 2369 2363 2368 2364 2365 2366 2367 
2370 2371 2375 2379 2372 2373 2374 2376 2377 2378 
2391 2392 2393 2394 2395 2396 2397 2398 2399 
2405 2406 2407 2408 2416 2481 2482 2483 2411 2412 2413 
2409 2410 2414 2415 2471 2472 2473 
2417 2418 2419 2420 2421 2422 2429 2430 2480 
2424 2425 2426 2427 2428 2476 2477 2478 
2431 2432 2433 2434 2435 2436 2468 2469 2470 2479 
2437 2438 2439 2440 2446 2447 2448 2449 2795 2441 2442 2443 2798 2444 2799 2445 2796 2797 2800 2801 2450 2451 2452 2453 2454 2455 2456 2457 2458 2459 2460 2461 2462 2463 2464 2465 2466 2467 2802 2803 2804 2805 2806 2807 2808 2809 2810 2811 2812 2813 2814 2815 2816 2752 2753 2754 2755 2756 2757 2758 
2488 2489 2490 2491 2518 2492 2493 2494 2495 2496 2497 2498 2499 2500 2501 2502 2503 2504 2505 2506 2507 2508 2509 2510 2511 2512 2513 2514 2515 2516 2517 
2533 2534 2535 2577 2578 2579 2741 2742 2743 
2580 2581 2582 2583 2584 2585 2586 2587 2588 2589 2590 2591 2592 2593 2594 2595 2596 2597 2598 2599 2600 2601 2602 2603 2604 2605 2606 2607 2608 2611 2612 2613 2614 2615 2616 
2625 2626 2627 2628 2629 2726 2727 2728 
2632 2633 2634 2635 2770 2771 2772 2787 2788 2789 
2646 2647 2648 2649 2650 2651 2652 2653 2654 2655 2656 2657 2658 2664 2665 2666 2667 2668 2659 2660 2661 2662 2663 2792 2793 2794 
2704 2705 2706 2707 2708 2709 2731 2732 2733 2734 
2718 2719 2720 2721 2722 2723 2724 2725 2729 2730 2735 
2817 2818 2819 2820 2821 2823 2824 2825 2826 2827 
2849 2850 2851 2852 2853 2854 2859 2860 2861 2862 2863 2864 2865 2866 2867 2868 2869 2870 2871 2872 2873 2874 2875 2876 2877 2878 2879 2880 2881 2882 2883 2884 2885 2886 2887 2888 2889 2890 2891 2892 2893 2894 2895 2896 2897 2898 2899 2900 2901 2902 2907 2908 2909 2910 2911 2912 2913 2914 
2855 2856 2857 2858 2903 2904 2905 2906 
2940 2941 2942 2943 2946 2947 2948 
2958 2959 2960 2961 2962 
2986 2987 2991 2992 3000 3005 3006 3014 3015 3016 3017 3018 3019 3020 3036 3040 
2988 2989 2990 3027 3028 3030 3031 3001 3002 3003 3004 3041 3042 3043 3007 3008 3009 3010 3011 3012 3013 3021 3022 3023 3032 3033 3034 3035 3024 3025 3026 3029 
2993 2994 2995 2996 2997 2998 2999 3037 3038 3039 
3050 3051 3052 3229 3230 3222 3223 3226 3227 3219 3220 3221 3224 3225 3228 
3056 3057 3058 3059 3060 3188 3189 3190 3191 3061 3062 3063 3194 3195 3205 3206 3183 3184 3209 3210 3201 3202 3203 3185 3186 3187 3192 3193 3196 3197 3198 3199 3200 3204 3207 3208 
3102 3103 3107 3108 3104 3236 3237 3238 
3175 3176 3177 3178 3231 3232 3233 
3239 3240 3241 3242 3246 3247 3248 3249 3250 3251 3252 3253 
3243 3244 3245 
3301 
3302 
